ElasticNet:
  alpha: 0.0000002
  l1_ratio: 0.000001